03 06 26 30 33 11 12
04 05 19 28 29 05 08
01 08 18 27 30 06 07
10 11 13 19 35 04 11
06 09 14 26 27 08 09
08 13 24 25 31 04 10
02 03 06 16 17 04 05
02 03 08 13 21 07 12
11 13 22 26 35 02 08
08 15 27 29 31 01 07
02 08 09 12 21 04 05
05 10 18 21 29 05 07
02 06 16 22 29 08 12
03 12 14 21 35 01 05
03 08 09 12 16 01 05
01 14 18 28 35 02 03
03 04 21 23 24 09 12
02 09 14 21 26 02 12
01 15 22 30 31 02 08
04 08 10 13 26 09 10
14 18 21 24 29 03 06
05 07 08 15 33 06 10
05 06 11 26 29 05 10
15 16 25 28 34 10 12
02 06 09 22 34 02 08
05 08 19 32 34 04 05
09 10 13 26 28 02 04
05 07 19 26 32 08 09
26 28 32 34 35 02 07
06 12 20 26 31 02 04
01 07 09 10 23 10 12
05 24 25 32 34 01 09
02 11 17 22 24 07 09
07 13 14 19 27 06 10
04 09 17 30 33 05 09
01 07 09 16 30 02 05
04 10 17 25 32 05 07
01 19 22 25 27 03 10
06 14 19 22 27 01 04
02 11 12 32 34 03 10
08 09 10 11 35 05 11
05 13 14 16 20 03 08
02 06 23 24 33 01 10
02 05 09 14 33 04 09
09 11 13 18 29 04 11
12 17 18 20 34 02 05
02 03 04 12 26 01 08
01 04 06 15 18 02 03
09 10 18 22 24 03 12
02 14 32 34 35 05 11
07 10 15 21 24 05 06
12 14 16 19 28 01 04
11 18 22 25 29 04 12
08 12 16 19 35 06 09
02 11 15 18 21 05 10
01 04 17 33 34 03 09
04 07 15 24 29 01 04
01 08 25 31 33 05 11
08 09 15 20 22 04 12
04 06 07 33 34 09 10
